Embedding Message
METHOD embed
embed
INITIALIZING Steganographer with method embed
RUNNING steganographer with METHOD embed

Image Dimensions: (512, 768)

MAX IMAGE HIDING CAPACITY: 92160

row_lim: 64
col_lim: 96
EMBEDDING: 
[1, -1, 1, -1, 1, -1, -1, 1, -1, -1, 1, -1, -1, -1, 1]

[[104 107 112 114 116 110  98  91]
 [108 108 112 114 115 115 108  99]
 [108 110 110 113 115 117 117 116]
 [110 109 109 111 114 119 124 127]
 [116 112 110 110 115 120 123 125]
 [130 126 120 117 119 119 122 122]
 [135 132 125 122 121 121 121 120]
 [134 133 125 121 119 120 119 117]]

U-Matrix before embedding: 
[[ 0.32297134  0.50696893  0.51055446  0.25789982  0.50207331  0.16646745
   0.14232087  0.10700271]
 [ 0.3332103   0.23868446  0.40666159 -0.59478848 -0.48445997 -0.27713148
   0.03119762  0.01941717]
 [ 0.34337903 -0.22522811  0.27020232  0.42826082 -0.25678108  0.05113705
  -0.63548945 -0.32023141]
 [ 0.34979393 -0.55982323  0.15034581  0.3112584  -0.09891805 -0.25598162
   0.54855126  0.26179505]
 [ 0.35288868 -0.44133916  0.001852   -0.50301533  0.31825922  0.56026785
  -0.01917388 -0.11002198]
 [ 0.36964497 -0.00510949 -0.34777549 -0.12661483  0.40223019 -0.52364805
  -0.41157856  0.3477989 ]
 [ 0.37801174  0.21227281 -0.40635684  0.05714204  0.04400682 -0.17218814
   0.3223342  -0.71286155]
 [-0.37461281  0.28638501 -0.43848631 -0.16463372  0.41531309  0.45780896
  -0.01876868  0.41934245]]

U-Matrix after embedding: 
[[ 0.32297134  0.50696893  0.51055446 -0.25789982 -0.50207331  0.16646745
   0.14232087  0.10700271]
 [ 0.3332103   0.23868446 -0.40666159  0.59478848 -0.48445997 -0.27713148
   0.03119762  0.01941717]
 [ 0.34337903 -0.22522811  0.27020232 -0.42826082 -0.25678108  0.05113705
  -0.63548945 -0.32023141]
 [ 0.34979393 -0.55982323 -0.15034581 -0.3112584   0.09891805 -0.25598162
   0.54855126  0.26179505]
 [ 0.35288868 -0.44133916  0.001852    0.50301533  0.31825922  0.56026785
  -0.01917388 -0.11002198]
 [ 0.36964497 -0.00510949 -0.34777549 -0.12661483  0.40223019 -0.52364805
  -0.41157856  0.3477989 ]
 [ 0.37801174  0.21227281 -0.40635684  0.05714204  0.04400682 -0.17218814
   0.3223342  -0.71286155]
 [-0.37461281  0.28638501 -0.43848631 -0.16463372  0.41531309  0.45780896
  -0.01876868  0.41934245]]

[ 0.32297134  0.50696893  0.51055446 -0.25789982 -0.50207331  0.16646745
  0.14232087  0.10700271]
EMBEDDING: 
[-1, -1, 1, -1, -1, 1, 1, -1, 1, -1, -1, 1, 1, 1, -1]

[[133 131 126 120 118 116 115 114]
 [131 129 126 121 113 110 109 109]
 [125 126 124 118 108 106 106 108]
 [124 122 123 114 106 104 106 109]
 [122 123 119 114 106 107 109 117]
 [125 124 121 117 115 117 122 124]
 [132 131 129 129 129 131 130 128]
 [135 135 134 135 138 138 136 130]]

U-Matrix before embedding: 
[[ 3.54617091e-01  1.69438917e-01  2.31372489e-01  7.67595552e-01
   6.18155352e-02  3.77021232e-01  1.79501187e-01  1.56889026e-01]
 [ 3.45728217e-01  3.80365930e-01  3.25510906e-01  8.86030057e-02
   1.33454463e-01 -5.56817545e-01 -3.72088860e-01 -3.94562955e-01]
 [ 3.35875018e-01  3.82370329e-01  1.17780435e-01 -4.24444416e-01
   1.55144365e-01 -1.64349073e-01  5.74100009e-01  4.07779841e-01]
 [ 3.31083835e-01  3.32478800e-01 -1.03899486e-01 -2.43954645e-01
  -7.12435039e-01  3.50365660e-01 -2.81447285e-01  1.24489259e-04]
 [ 3.34115154e-01  1.21837493e-01 -5.62832697e-01 -1.44909245e-01
   5.70840035e-01  3.51370002e-01 -1.37336542e-01 -2.59928462e-01]
 [ 3.51171202e-01 -2.65149849e-01 -5.65901027e-01  2.69243185e-01
  -3.17177716e-01 -4.67055713e-01  2.96830306e-01 -8.23863264e-02]
 [ 3.77923629e-01 -4.29327152e-01  5.94360001e-02 -6.65351380e-02
   1.36911378e-01 -1.04050454e-01 -5.02690051e-01  6.18565966e-01]
 [-3.93077304e-01  5.48080625e-01  4.18670314e-01  2.55660201e-01
   3.91217743e-02 -2.13574542e-01 -2.46696100e-01  4.43223790e-01]]

U-Matrix after embedding: 
[[ 3.54617091e-01  1.69438917e-01 -2.31372489e-01  7.67595552e-01
   6.18155352e-02  3.77021232e-01  1.79501187e-01  1.56889026e-01]
 [ 3.45728217e-01  3.80365930e-01 -3.25510906e-01 -8.86030057e-02
   1.33454463e-01 -5.56817545e-01 -3.72088860e-01 -3.94562955e-01]
 [ 3.35875018e-01  3.82370329e-01  1.17780435e-01  4.24444416e-01
   1.55144365e-01 -1.64349073e-01  5.74100009e-01  4.07779841e-01]
 [ 3.31083835e-01  3.32478800e-01 -1.03899486e-01 -2.43954645e-01
  -7.12435039e-01  3.50365660e-01 -2.81447285e-01  1.24489259e-04]
 [ 3.34115154e-01  1.21837493e-01 -5.62832697e-01 -1.44909245e-01
   5.70840035e-01  3.51370002e-01 -1.37336542e-01 -2.59928462e-01]
 [ 3.51171202e-01 -2.65149849e-01  5.65901027e-01  2.69243185e-01
  -3.17177716e-01 -4.67055713e-01  2.96830306e-01 -8.23863264e-02]
 [ 3.77923629e-01 -4.29327152e-01  5.94360001e-02 -6.65351380e-02
   1.36911378e-01 -1.04050454e-01 -5.02690051e-01  6.18565966e-01]
 [-3.93077304e-01  5.48080625e-01  4.18670314e-01  2.55660201e-01
   3.91217743e-02 -2.13574542e-01 -2.46696100e-01  4.43223790e-01]]

[ 0.35461709  0.16943892 -0.23137249  0.76759555  0.06181554  0.37702123
  0.17950119  0.15688903]
EMBEDDING: 
[-1, -1, -1, -1, 1, -1, -1, 1, -1, -1, 1, 1, -1, 1, -1]

[[136 134 134 137 138 139 137 133]
 [135 136 136 137 138 139 139 137]
 [137 136 134 135 138 140 140 139]
 [137 135 136 135 137 139 141 139]
 [137 136 134 135 139 142 141 142]
 [135 136 134 136 140 143 144 144]
 [128 128 129 134 141 143 144 144]
 [121 121 125 129 139 147 146 144]]

U-Matrix before embedding: 
[[ 0.35092278  0.31869265  0.71842621  0.06345219  0.34898388  0.1408232
   0.17782908  0.28614978]
 [ 0.35384698  0.2661659   0.2483868  -0.17488082 -0.52353113 -0.53705764
  -0.32302503 -0.21167852]
 [ 0.3545416   0.2095521  -0.20047354  0.08153975  0.30439634  0.03327215
   0.31710191 -0.76761449]
 [ 0.35452751  0.22187349 -0.22596807  0.4598867  -0.50501474  0.53419228
  -0.01797038  0.14765109]
 [ 0.35685861  0.11288063 -0.38486538  0.03074638  0.49614148 -0.08883118
  -0.63562354  0.22973587]
 [ 0.35886816 -0.01471393 -0.37949971 -0.21301686 -0.04996514 -0.36011308
   0.59124969  0.44704228]
 [ 0.35229841 -0.36333396  0.05437043 -0.69926629 -0.08680823  0.47847832
  -0.0964753  -0.07848651]
 [-0.34642087  0.76777645  0.18925918  0.46038153  0.01548666 -0.19686436
   0.01594168 -0.05909447]]

U-Matrix after embedding: 
[[ 0.35092278  0.31869265 -0.71842621 -0.06345219  0.34898388  0.1408232
   0.17782908  0.28614978]
 [ 0.35384698  0.2661659  -0.2483868   0.17488082 -0.52353113 -0.53705764
  -0.32302503 -0.21167852]
 [ 0.3545416   0.2095521  -0.20047354 -0.08153975  0.30439634  0.03327215
   0.31710191 -0.76761449]
 [ 0.35452751  0.22187349 -0.22596807 -0.4598867  -0.50501474  0.53419228
  -0.01797038  0.14765109]
 [ 0.35685861  0.11288063  0.38486538  0.03074638  0.49614148 -0.08883118
  -0.63562354  0.22973587]
 [ 0.35886816 -0.01471393 -0.37949971 -0.21301686 -0.04996514 -0.36011308
   0.59124969  0.44704228]
 [ 0.35229841 -0.36333396  0.05437043 -0.69926629 -0.08680823  0.47847832
  -0.0964753  -0.07848651]
 [-0.34642087  0.76777645  0.18925918  0.46038153  0.01548666 -0.19686436
   0.01594168 -0.05909447]]

[ 0.35092278  0.31869265 -0.71842621 -0.06345219  0.34898388  0.1408232
  0.17782908  0.28614978]
EMBEDDING: 
[-1, 1, 1, 1, -1, -1, -1, -1, -1, 1, -1, -1, -1, -1, -1]

[[ 87  84  89 104 110 107 114 123]
 [ 55  59  67  71  70  68  70  81]
 [ 43  53  67  71  64  51  52  54]
 [ 47  70 103 110  92  70  51  44]
 [ 69 105 138 145 129  91  52  30]
 [118 143 166 166 150 118  70  33]
 [158 171 182 183 178 160 104  49]
 [163 176 188 190 190 181 123  66]]

U-Matrix before embedding: 
[[ 3.08570865e-01  7.30491062e-01  2.24684133e-03  8.58547197e-02
   4.79166090e-01  2.61564016e-01  1.89857938e-01  1.72420521e-01]
 [ 2.05473032e-01  4.37355258e-01 -9.49491304e-02 -2.87188178e-01
  -3.58614708e-01 -6.72982498e-01  1.74533597e-01 -2.51071498e-01]
 [ 1.78629901e-01  2.06861593e-01 -2.41391573e-01 -3.17684640e-01
  -1.73033355e-01  2.46132158e-01 -8.21630178e-01 -2.25496463e-02]
 [ 2.41141226e-01 -1.26891895e-02 -5.43670448e-01  2.65088614e-01
  -5.26001217e-01  4.20519360e-01  3.44817285e-01 -5.85456351e-02]
 [ 3.19916204e-01 -2.75391738e-01 -5.50687732e-01  2.95084825e-01
   4.90230539e-01 -3.68440069e-01 -1.60988174e-01 -1.71725716e-01]
 [ 4.02848342e-01 -3.34855938e-01 -9.23381338e-02 -6.08431817e-01
   7.54175537e-02 -7.45280302e-04  2.34872309e-01  5.34804396e-01]
 [ 4.87243833e-01 -2.03730003e-01  3.81484969e-01 -1.73914206e-01
   9.08938246e-02  2.64131153e-01  8.83896975e-02 -6.77842835e-01]
 [-5.20064808e-01  5.17245573e-02 -4.24049615e-01  5.01443848e-01
  -2.84432857e-01  1.89069684e-01 -2.24993210e-01  3.58220346e-01]]

U-Matrix after embedding: 
[[ 3.08570865e-01  7.30491062e-01 -2.24684133e-03 -8.58547197e-02
  -4.79166090e-01  2.61564016e-01  1.89857938e-01  1.72420521e-01]
 [ 2.05473032e-01  4.37355258e-01  9.49491304e-02 -2.87188178e-01
  -3.58614708e-01 -6.72982498e-01  1.74533597e-01 -2.51071498e-01]
 [ 1.78629901e-01  2.06861593e-01  2.41391573e-01 -3.17684640e-01
  -1.73033355e-01  2.46132158e-01 -8.21630178e-01 -2.25496463e-02]
 [ 2.41141226e-01 -1.26891895e-02  5.43670448e-01  2.65088614e-01
  -5.26001217e-01  4.20519360e-01  3.44817285e-01 -5.85456351e-02]
 [ 3.19916204e-01 -2.75391738e-01 -5.50687732e-01 -2.95084825e-01
   4.90230539e-01 -3.68440069e-01 -1.60988174e-01 -1.71725716e-01]
 [ 4.02848342e-01 -3.34855938e-01 -9.23381338e-02 -6.08431817e-01
   7.54175537e-02 -7.45280302e-04  2.34872309e-01  5.34804396e-01]
 [ 4.87243833e-01 -2.03730003e-01  3.81484969e-01 -1.73914206e-01
   9.08938246e-02  2.64131153e-01  8.83896975e-02 -6.77842835e-01]
 [-5.20064808e-01  5.17245573e-02 -4.24049615e-01  5.01443848e-01
  -2.84432857e-01  1.89069684e-01 -2.24993210e-01  3.58220346e-01]]

[ 0.30857086  0.73049106 -0.00224684 -0.08585472 -0.47916609  0.26156402
  0.18985794  0.17242052]
EMBEDDING: 
[1, 1, -1, -1, -1, -1, -1, 1, -1, 1, -1, 1, -1, -1, 1]

[[159 176 190 188 189 168 152  74]
 [159 179 189 189 190 175 151  69]
 [160 179 191 190 192 179 147  65]
 [161 175 189 189 191 179 146  61]
 [164 178 188 188 189 179 148  62]
 [166 179 188 188 189 179 151  68]
 [166 181 187 188 189 178 152  72]
 [162 180 189 189 189 179 151  70]]

U-Matrix before embedding: 
[[ 0.35069984  0.67000998  0.40895253  0.44575587  0.10605073  0.04340786
   0.19339427  0.10781201]
 [ 0.35303243  0.17965495  0.23256934 -0.33969729 -0.61450555 -0.11168189
  -0.47213334 -0.24619028]
 [ 0.35452844 -0.25401695  0.3680969  -0.39825447  0.32401248  0.55195186
   0.21263211 -0.24664887]
 [ 0.35179765 -0.49273978  0.30129636  0.27787816  0.32425898 -0.40428006
  -0.40118551  0.18951013]
 [ 0.35279603 -0.38810951 -0.14431524  0.33501445 -0.56585256  0.28097138
   0.31408945  0.30668906]
 [ 0.35494185 -0.03161689 -0.42915978  0.27021918  0.09691151 -0.2058936
   0.15347079 -0.73517537]
 [ 0.35559167  0.22696602 -0.5669717  -0.0738731   0.25847549  0.35999234
  -0.45407688  0.30419888]
 [-0.35500919 -0.09138617  0.16103597  0.50928797  0.06795341 -0.51635076
   0.4529186   0.32239602]]

U-Matrix after embedding: 
[[ 0.35069984  0.67000998  0.40895253 -0.44575587  0.10605073  0.04340786
   0.19339427  0.10781201]
 [ 0.35303243  0.17965495  0.23256934  0.33969729 -0.61450555 -0.11168189
  -0.47213334 -0.24619028]
 [ 0.35452844 -0.25401695 -0.3680969  -0.39825447 -0.32401248  0.55195186
   0.21263211 -0.24664887]
 [ 0.35179765 -0.49273978 -0.30129636  0.27787816  0.32425898 -0.40428006
  -0.40118551  0.18951013]
 [ 0.35279603 -0.38810951 -0.14431524 -0.33501445 -0.56585256  0.28097138
   0.31408945  0.30668906]
 [ 0.35494185 -0.03161689 -0.42915978  0.27021918  0.09691151 -0.2058936
   0.15347079 -0.73517537]
 [ 0.35559167  0.22696602 -0.5669717  -0.0738731   0.25847549  0.35999234
  -0.45407688  0.30419888]
 [-0.35500919 -0.09138617  0.16103597  0.50928797  0.06795341 -0.51635076
   0.4529186   0.32239602]]

[ 0.35069984  0.67000998  0.40895253 -0.44575587  0.10605073  0.04340786
  0.19339427  0.10781201]
EMBEDDING: 
[-1, -1, -1, 1, -1, 1, 1, -1, 1, -1, -1, 1, 1, 1, -1]

[[161 175 189 190 190 172 156  80]
 [165 175 190 190 190 171 156  79]
 [168 178 191 192 188 172 153  78]
 [168 178 191 191 188 171 156  79]
 [165 176 190 190 190 172 158  83]
 [162 173 191 190 189 175 159  82]
 [160 173 191 191 191 177 159  84]
 [159 173 191 192 191 176 161  81]]

U-Matrix before embedding: 
[[ 0.35158905  0.04119726  0.22241625  0.4757044   0.48343299  0.26336842
   0.5092904   0.19098998]
 [ 0.35250754 -0.19263297  0.02628154  0.39743441 -0.09112759 -0.80226139
  -0.04903596 -0.1601688 ]
 [ 0.35379758 -0.52515661  0.41252587 -0.43693747  0.24317942  0.01456112
  -0.31697833  0.27950374]
 [ 0.35409079 -0.44243325 -0.11268307 -0.03834585 -0.40565698  0.3757975
   0.26802803 -0.53580246]
 [ 0.35404103 -0.05214165 -0.73800817  0.19124312  0.120762    0.19808757
  -0.41122401  0.26034375]
 [ 0.35338971  0.2463221  -0.1537108  -0.40287034 -0.38461773 -0.18906631
   0.46201955  0.48101006]
 [ 0.35455787  0.4558642  -0.09171275 -0.41339989  0.44892295 -0.10619738
  -0.03057489 -0.52289705]
 [-0.35444315  0.46738975 -0.43620055 -0.23149198 -0.4126117   0.24354735
   0.42708594 -0.00955465]]

U-Matrix after embedding: 
[[ 0.35158905  0.04119726 -0.22241625  0.4757044   0.48343299  0.26336842
   0.5092904   0.19098998]
 [ 0.35250754 -0.19263297 -0.02628154 -0.39743441  0.09112759 -0.80226139
  -0.04903596 -0.1601688 ]
 [ 0.35379758 -0.52515661 -0.41252587  0.43693747  0.24317942  0.01456112
  -0.31697833  0.27950374]
 [ 0.35409079 -0.44243325  0.11268307 -0.03834585 -0.40565698  0.3757975
   0.26802803 -0.53580246]
 [ 0.35404103 -0.05214165 -0.73800817 -0.19124312  0.120762    0.19808757
  -0.41122401  0.26034375]
 [ 0.35338971  0.2463221   0.1537108  -0.40287034 -0.38461773 -0.18906631
   0.46201955  0.48101006]
 [ 0.35455787  0.4558642  -0.09171275 -0.41339989  0.44892295 -0.10619738
  -0.03057489 -0.52289705]
 [-0.35444315  0.46738975 -0.43620055 -0.23149198 -0.4126117   0.24354735
   0.42708594 -0.00955465]]

[ 0.35158905  0.04119726 -0.22241625  0.4757044   0.48343299  0.26336842
  0.5092904   0.19098998]
EMBEDDING: 
[1, -1, 1, -1, -1]

[[155 172 192 189 191 182 153  92]
 [155 171 191 188 190 182 155  92]
 [157 171 190 189 189 182 156  94]
 [158 169 189 189 189 182 157  99]
 [159 169 188 188 188 181 155 102]
 [162 169 186 187 187 176 155 103]
 [162 170 185 186 186 176 154 104]
 [162 168 185 186 186 175 152 101]]

U-Matrix before embedding: 
[[ 0.35479254  0.48510282  0.39432396  0.51593495  0.01177722  0.16472671
   0.41491753  0.13299289]
 [ 0.35412784  0.45213425  0.07497784 -0.1904215  -0.17256597  0.2398293
  -0.73144904 -0.07727393]
 [ 0.35487887  0.29715959 -0.04819672 -0.52359918 -0.08272481 -0.55206013
   0.35381584 -0.26921871]
 [ 0.35531247  0.04872964 -0.59537008 -0.15880612  0.26551185  0.20012535
   0.12148852  0.60529943]
 [ 0.35437506 -0.13563988 -0.50126883  0.5706061   0.04026008 -0.21925463
  -0.14537431 -0.45643316]
 [ 0.35269252 -0.37836937  0.09239876 -0.26105226  0.02531756  0.63522906
   0.26181134 -0.42785123]
 [ 0.35198751 -0.43861747  0.14117301  0.06425859 -0.70871789 -0.16986877
  -0.02921117  0.35731048]
 [-0.35022972  0.34003623 -0.44984518 -0.01750806 -0.62305654 -0.30013752
   0.24969677  0.13570862]]

U-Matrix after embedding: 
[[ 0.35479254  0.48510282  0.39432396  0.51593495  0.01177722  0.16472671
   0.41491753  0.13299289]
 [ 0.35412784  0.45213425 -0.07497784 -0.1904215  -0.17256597  0.2398293
  -0.73144904 -0.07727393]
 [ 0.35487887  0.29715959  0.04819672 -0.52359918 -0.08272481 -0.55206013
   0.35381584 -0.26921871]
 [ 0.35531247  0.04872964 -0.59537008 -0.15880612  0.26551185  0.20012535
   0.12148852  0.60529943]
 [ 0.35437506 -0.13563988 -0.50126883  0.5706061   0.04026008 -0.21925463
  -0.14537431 -0.45643316]
 [ 0.35269252 -0.37836937  0.09239876 -0.26105226  0.02531756  0.63522906
   0.26181134 -0.42785123]
 [ 0.35198751 -0.43861747  0.14117301  0.06425859 -0.70871789 -0.16986877
  -0.02921117  0.35731048]
 [-0.35022972  0.34003623 -0.44984518 -0.01750806 -0.62305654 -0.30013752
   0.24969677  0.13570862]]

[0.35479254 0.48510282 0.39432396 0.51593495 0.01177722 0.16472671
 0.41491753 0.13299289]
